{
 "cells": [
  {
   "cell_type": "code",
   "execution_count": 2,
   "metadata": {},
   "outputs": [
    {
     "data": {
      "text/html": [
       "<div>\n",
       "<style scoped>\n",
       "    .dataframe tbody tr th:only-of-type {\n",
       "        vertical-align: middle;\n",
       "    }\n",
       "\n",
       "    .dataframe tbody tr th {\n",
       "        vertical-align: top;\n",
       "    }\n",
       "\n",
       "    .dataframe thead th {\n",
       "        text-align: right;\n",
       "    }\n",
       "</style>\n",
       "<table border=\"1\" class=\"dataframe\">\n",
       "  <thead>\n",
       "    <tr style=\"text-align: right;\">\n",
       "      <th></th>\n",
       "      <th>date</th>\n",
       "      <th>roku</th>\n",
       "      <th>amd</th>\n",
       "      <th>bynd</th>\n",
       "      <th>cost</th>\n",
       "      <th>googl</th>\n",
       "      <th>gs</th>\n",
       "      <th>kmi</th>\n",
       "      <th>nflx</th>\n",
       "      <th>pypl</th>\n",
       "      <th>slb</th>\n",
       "      <th>teva</th>\n",
       "      <th>ual</th>\n",
       "      <th>lulu</th>\n",
       "      <th>intc</th>\n",
       "      <th>tsla</th>\n",
       "    </tr>\n",
       "  </thead>\n",
       "  <tbody>\n",
       "    <tr>\n",
       "      <td>1</td>\n",
       "      <td>8.1.2019</td>\n",
       "      <td>-526.47</td>\n",
       "      <td>94.01</td>\n",
       "      <td>277.5</td>\n",
       "      <td>645.58</td>\n",
       "      <td>-57.01</td>\n",
       "      <td>-527.8</td>\n",
       "      <td>628.55</td>\n",
       "      <td>-231.99</td>\n",
       "      <td>-310.79</td>\n",
       "      <td>1245.89</td>\n",
       "      <td>-743.46</td>\n",
       "      <td>1693.72</td>\n",
       "      <td>176.66</td>\n",
       "      <td>271.18</td>\n",
       "      <td>NaN</td>\n",
       "    </tr>\n",
       "    <tr>\n",
       "      <td>2</td>\n",
       "      <td>8.2.2019</td>\n",
       "      <td>NaN</td>\n",
       "      <td>NaN</td>\n",
       "      <td>NaN</td>\n",
       "      <td>NaN</td>\n",
       "      <td>NaN</td>\n",
       "      <td>NaN</td>\n",
       "      <td>NaN</td>\n",
       "      <td>NaN</td>\n",
       "      <td>NaN</td>\n",
       "      <td>NaN</td>\n",
       "      <td>NaN</td>\n",
       "      <td>NaN</td>\n",
       "      <td>NaN</td>\n",
       "      <td>NaN</td>\n",
       "      <td>NaN</td>\n",
       "    </tr>\n",
       "  </tbody>\n",
       "</table>\n",
       "</div>"
      ],
      "text/plain": [
       "       date    roku    amd   bynd    cost  googl     gs     kmi    nflx  \\\n",
       "1  8.1.2019 -526.47  94.01  277.5  645.58 -57.01 -527.8  628.55 -231.99   \n",
       "2  8.2.2019     NaN    NaN    NaN     NaN    NaN    NaN     NaN     NaN   \n",
       "\n",
       "     pypl      slb    teva      ual    lulu    intc  tsla  \n",
       "1 -310.79  1245.89 -743.46  1693.72  176.66  271.18   NaN  \n",
       "2     NaN      NaN     NaN      NaN     NaN     NaN   NaN  "
      ]
     },
     "execution_count": 2,
     "metadata": {},
     "output_type": "execute_result"
    }
   ],
   "source": [
    "import pandas as pd\n",
    "\n",
    "#omni = pd.read_excel('/Users/zoakes/Downloads/Omni_Paper.xlsx')\n",
    "omni = pd.read_excel('/Users/zoakes/Quant/Py_Review/Omni/Omni_Paper.xlsx')\n",
    "\n",
    "\n",
    "o = omni.iloc[1:23,0:16]\n",
    "\n",
    "o.columns = ['date','roku','amd','bynd','cost','googl','gs','kmi','nflx','pypl','slb','teva','ual','lulu','intc','tsla']\n",
    "#omni.iloc[0]\n",
    "\n",
    "o"
   ]
  },
  {
   "cell_type": "code",
   "execution_count": 13,
   "metadata": {},
   "outputs": [
    {
     "data": {
      "text/html": [
       "<div>\n",
       "<style scoped>\n",
       "    .dataframe tbody tr th:only-of-type {\n",
       "        vertical-align: middle;\n",
       "    }\n",
       "\n",
       "    .dataframe tbody tr th {\n",
       "        vertical-align: top;\n",
       "    }\n",
       "\n",
       "    .dataframe thead th {\n",
       "        text-align: right;\n",
       "    }\n",
       "</style>\n",
       "<table border=\"1\" class=\"dataframe\">\n",
       "  <thead>\n",
       "    <tr style=\"text-align: right;\">\n",
       "      <th></th>\n",
       "      <th>date</th>\n",
       "      <th>roku</th>\n",
       "      <th>amd</th>\n",
       "      <th>bynd</th>\n",
       "      <th>cost</th>\n",
       "      <th>googl</th>\n",
       "      <th>gs</th>\n",
       "      <th>kmi</th>\n",
       "      <th>nflx</th>\n",
       "      <th>pypl</th>\n",
       "      <th>slb</th>\n",
       "      <th>teva</th>\n",
       "      <th>ual</th>\n",
       "      <th>lulu</th>\n",
       "      <th>intc</th>\n",
       "      <th>tsla</th>\n",
       "    </tr>\n",
       "  </thead>\n",
       "  <tbody>\n",
       "    <tr>\n",
       "      <th>1</th>\n",
       "      <td>8.1.19</td>\n",
       "      <td>-526.47</td>\n",
       "      <td>94.01</td>\n",
       "      <td>277.5</td>\n",
       "      <td>645.58</td>\n",
       "      <td>1890.86</td>\n",
       "      <td>123.12</td>\n",
       "      <td>820.83</td>\n",
       "      <td>1809.7</td>\n",
       "      <td>619.53</td>\n",
       "      <td>1245.89</td>\n",
       "      <td>-743.46</td>\n",
       "      <td>1693.72</td>\n",
       "      <td>176.66</td>\n",
       "      <td>1349.88</td>\n",
       "      <td>4173.16</td>\n",
       "    </tr>\n",
       "    <tr>\n",
       "      <th>2</th>\n",
       "      <td>8.2.19</td>\n",
       "      <td>172.2</td>\n",
       "      <td>0</td>\n",
       "      <td>-731.01</td>\n",
       "      <td>0</td>\n",
       "      <td>1126.31</td>\n",
       "      <td>0</td>\n",
       "      <td>0</td>\n",
       "      <td>978.8</td>\n",
       "      <td>1274.99</td>\n",
       "      <td>263.2</td>\n",
       "      <td>-767.22</td>\n",
       "      <td>0</td>\n",
       "      <td>730.84</td>\n",
       "      <td>494.56</td>\n",
       "      <td>1635.38</td>\n",
       "    </tr>\n",
       "    <tr>\n",
       "      <th>3</th>\n",
       "      <td>8.5.19</td>\n",
       "      <td>-505.44</td>\n",
       "      <td>-272.4</td>\n",
       "      <td>-503.04</td>\n",
       "      <td>525.29</td>\n",
       "      <td>-1.74</td>\n",
       "      <td>0</td>\n",
       "      <td>0</td>\n",
       "      <td>-220.32</td>\n",
       "      <td>1109.34</td>\n",
       "      <td>488.24</td>\n",
       "      <td>-130.37</td>\n",
       "      <td>0</td>\n",
       "      <td>-353.21</td>\n",
       "      <td>0</td>\n",
       "      <td>3142.8</td>\n",
       "    </tr>\n",
       "    <tr>\n",
       "      <th>4</th>\n",
       "      <td>8.6.19</td>\n",
       "      <td>-350.49</td>\n",
       "      <td>13.78</td>\n",
       "      <td>-1109.4</td>\n",
       "      <td>1678.54</td>\n",
       "      <td>-537.2</td>\n",
       "      <td>-1031.67</td>\n",
       "      <td>452.15</td>\n",
       "      <td>717.5</td>\n",
       "      <td>0</td>\n",
       "      <td>170.16</td>\n",
       "      <td>1405.6</td>\n",
       "      <td>841.56</td>\n",
       "      <td>1049.1</td>\n",
       "      <td>-88.62</td>\n",
       "      <td>467.78</td>\n",
       "    </tr>\n",
       "    <tr>\n",
       "      <th>5</th>\n",
       "      <td>8.7.19</td>\n",
       "      <td>-1077.65</td>\n",
       "      <td>0</td>\n",
       "      <td>0</td>\n",
       "      <td>1277.5</td>\n",
       "      <td>100.3</td>\n",
       "      <td>1036.94</td>\n",
       "      <td>151.8</td>\n",
       "      <td>2255.5</td>\n",
       "      <td>798.02</td>\n",
       "      <td>0</td>\n",
       "      <td>867</td>\n",
       "      <td>26.66</td>\n",
       "      <td>-1249.42</td>\n",
       "      <td>64.71</td>\n",
       "      <td>176.16</td>\n",
       "    </tr>\n",
       "    <tr>\n",
       "      <th>6</th>\n",
       "      <td>8.8.19</td>\n",
       "      <td>0</td>\n",
       "      <td>179.8</td>\n",
       "      <td>62.22</td>\n",
       "      <td>948.33</td>\n",
       "      <td>430.46</td>\n",
       "      <td>0</td>\n",
       "      <td>79.35</td>\n",
       "      <td>128.8</td>\n",
       "      <td>149.38</td>\n",
       "      <td>29.68</td>\n",
       "      <td>262.65</td>\n",
       "      <td>79.94</td>\n",
       "      <td>347.13</td>\n",
       "      <td>299.64</td>\n",
       "      <td>443.53</td>\n",
       "    </tr>\n",
       "    <tr>\n",
       "      <th>7</th>\n",
       "      <td>8.9.19</td>\n",
       "      <td>903.78</td>\n",
       "      <td>1528.23</td>\n",
       "      <td>151.28</td>\n",
       "      <td>500.5</td>\n",
       "      <td>-499.4</td>\n",
       "      <td>419.53</td>\n",
       "      <td>362.4</td>\n",
       "      <td>362.4</td>\n",
       "      <td>208.34</td>\n",
       "      <td>-213.34</td>\n",
       "      <td>-140.64</td>\n",
       "      <td>0</td>\n",
       "      <td>475.48</td>\n",
       "      <td>736.4</td>\n",
       "      <td>-325.66</td>\n",
       "    </tr>\n",
       "    <tr>\n",
       "      <th>8</th>\n",
       "      <td>8.12.19</td>\n",
       "      <td>0</td>\n",
       "      <td>116.76</td>\n",
       "      <td>548.37</td>\n",
       "      <td>501.16</td>\n",
       "      <td>-404.88</td>\n",
       "      <td>527.7</td>\n",
       "      <td>0</td>\n",
       "      <td>-170.66</td>\n",
       "      <td>966.71</td>\n",
       "      <td>438.45</td>\n",
       "      <td>-711.2</td>\n",
       "      <td>-17.7</td>\n",
       "      <td>713.47</td>\n",
       "      <td>0</td>\n",
       "      <td>426.55</td>\n",
       "    </tr>\n",
       "    <tr>\n",
       "      <th>9</th>\n",
       "      <td>8.13.19</td>\n",
       "      <td>-505.11</td>\n",
       "      <td>0</td>\n",
       "      <td>906.46</td>\n",
       "      <td>-117.65</td>\n",
       "      <td>2601.52</td>\n",
       "      <td>-261.94</td>\n",
       "      <td>0</td>\n",
       "      <td>502.22</td>\n",
       "      <td>257.83</td>\n",
       "      <td>257.83</td>\n",
       "      <td>415.88</td>\n",
       "      <td>-453.32</td>\n",
       "      <td>-1258.1</td>\n",
       "      <td>256.68</td>\n",
       "      <td>2709.27</td>\n",
       "    </tr>\n",
       "    <tr>\n",
       "      <th>10</th>\n",
       "      <td>8.14.19</td>\n",
       "      <td>404.81</td>\n",
       "      <td>5880.19</td>\n",
       "      <td>0</td>\n",
       "      <td>-508</td>\n",
       "      <td>2333.36</td>\n",
       "      <td>-5.11</td>\n",
       "      <td>297.2</td>\n",
       "      <td>0</td>\n",
       "      <td>581.22</td>\n",
       "      <td>0</td>\n",
       "      <td>0</td>\n",
       "      <td>354.96</td>\n",
       "      <td>66.1</td>\n",
       "      <td>221.11</td>\n",
       "      <td>808.3</td>\n",
       "    </tr>\n",
       "    <tr>\n",
       "      <th>11</th>\n",
       "      <td>8.15.19</td>\n",
       "      <td>361.52</td>\n",
       "      <td>268.28</td>\n",
       "      <td>0</td>\n",
       "      <td>1725.93</td>\n",
       "      <td>964.74</td>\n",
       "      <td>0</td>\n",
       "      <td>-505.26</td>\n",
       "      <td>-783.07</td>\n",
       "      <td>-878.18</td>\n",
       "      <td>0</td>\n",
       "      <td>-800.59</td>\n",
       "      <td>1003.02</td>\n",
       "      <td>-164.24</td>\n",
       "      <td>261.6</td>\n",
       "      <td>741.27</td>\n",
       "    </tr>\n",
       "    <tr>\n",
       "      <th>12</th>\n",
       "      <td>8.16.19</td>\n",
       "      <td>661.4</td>\n",
       "      <td>1349.59</td>\n",
       "      <td>0</td>\n",
       "      <td>540.2</td>\n",
       "      <td>154.56</td>\n",
       "      <td>667.34</td>\n",
       "      <td>401.7</td>\n",
       "      <td>257.89</td>\n",
       "      <td>362.79</td>\n",
       "      <td>61.54</td>\n",
       "      <td>1273.84</td>\n",
       "      <td>-84.22</td>\n",
       "      <td>-509.4</td>\n",
       "      <td>301.54</td>\n",
       "      <td>2327.18</td>\n",
       "    </tr>\n",
       "    <tr>\n",
       "      <th>13</th>\n",
       "      <td>8.19.19</td>\n",
       "      <td>0</td>\n",
       "      <td>1599.33</td>\n",
       "      <td>0</td>\n",
       "      <td>677.04</td>\n",
       "      <td>202.52</td>\n",
       "      <td>433.32</td>\n",
       "      <td>0</td>\n",
       "      <td>-690.49</td>\n",
       "      <td>522.26</td>\n",
       "      <td>0</td>\n",
       "      <td>0</td>\n",
       "      <td>189.58</td>\n",
       "      <td>-46.6</td>\n",
       "      <td>190.44</td>\n",
       "      <td>812.93</td>\n",
       "    </tr>\n",
       "    <tr>\n",
       "      <th>14</th>\n",
       "      <td>8.20.19</td>\n",
       "      <td>816.99</td>\n",
       "      <td>1616.32</td>\n",
       "      <td>183.92</td>\n",
       "      <td>221.43</td>\n",
       "      <td>-821.03</td>\n",
       "      <td>109.34</td>\n",
       "      <td>-591.12</td>\n",
       "      <td>163.17</td>\n",
       "      <td>1175.61</td>\n",
       "      <td>-233.86</td>\n",
       "      <td>-966.85</td>\n",
       "      <td>171.6</td>\n",
       "      <td>-183.6</td>\n",
       "      <td>-35.93</td>\n",
       "      <td>-536.85</td>\n",
       "    </tr>\n",
       "    <tr>\n",
       "      <th>15</th>\n",
       "      <td>8.21.19</td>\n",
       "      <td>593.64</td>\n",
       "      <td>606.57</td>\n",
       "      <td>114.95</td>\n",
       "      <td>633.36</td>\n",
       "      <td>180.11</td>\n",
       "      <td>392.28</td>\n",
       "      <td>391.72</td>\n",
       "      <td>-44.06</td>\n",
       "      <td>350.76</td>\n",
       "      <td>-89.03</td>\n",
       "      <td>0</td>\n",
       "      <td>-668.56</td>\n",
       "      <td>587.88</td>\n",
       "      <td>-42.32</td>\n",
       "      <td>51.31</td>\n",
       "    </tr>\n",
       "    <tr>\n",
       "      <th>16</th>\n",
       "      <td>8.22.19</td>\n",
       "      <td>356.45</td>\n",
       "      <td>-505.18</td>\n",
       "      <td>5449.18</td>\n",
       "      <td>-233.3</td>\n",
       "      <td>653.13</td>\n",
       "      <td>157.76</td>\n",
       "      <td>-589.11</td>\n",
       "      <td>379.18</td>\n",
       "      <td>187.45</td>\n",
       "      <td>0</td>\n",
       "      <td>-505.11</td>\n",
       "      <td>1117.67</td>\n",
       "      <td>410.38</td>\n",
       "      <td>-467.33</td>\n",
       "      <td>985.69</td>\n",
       "    </tr>\n",
       "    <tr>\n",
       "      <th>17</th>\n",
       "      <td>8.23.19</td>\n",
       "      <td>972.68</td>\n",
       "      <td>0</td>\n",
       "      <td>368.64</td>\n",
       "      <td>94.38</td>\n",
       "      <td>1433.13</td>\n",
       "      <td>134.46</td>\n",
       "      <td>0</td>\n",
       "      <td>503.25</td>\n",
       "      <td>949.63</td>\n",
       "      <td>0</td>\n",
       "      <td>0</td>\n",
       "      <td>484.87</td>\n",
       "      <td>15.87</td>\n",
       "      <td>0</td>\n",
       "      <td>1946.72</td>\n",
       "    </tr>\n",
       "    <tr>\n",
       "      <th>18</th>\n",
       "      <td>8.26.19</td>\n",
       "      <td>3053.47</td>\n",
       "      <td>229.89</td>\n",
       "      <td>437.58</td>\n",
       "      <td>-363.2</td>\n",
       "      <td>1336.2</td>\n",
       "      <td>356.56</td>\n",
       "      <td>0</td>\n",
       "      <td>430.67</td>\n",
       "      <td>-93.93</td>\n",
       "      <td>-31.07</td>\n",
       "      <td>418.08</td>\n",
       "      <td>-286.7</td>\n",
       "      <td>-5.47</td>\n",
       "      <td>66.21</td>\n",
       "      <td>2005.35</td>\n",
       "    </tr>\n",
       "    <tr>\n",
       "      <th>19</th>\n",
       "      <td>8.27.19</td>\n",
       "      <td>1597.86</td>\n",
       "      <td>699.73</td>\n",
       "      <td>50.47</td>\n",
       "      <td>1940.99</td>\n",
       "      <td>149.17</td>\n",
       "      <td>-28.24</td>\n",
       "      <td>100.14</td>\n",
       "      <td>848.31</td>\n",
       "      <td>176.98</td>\n",
       "      <td>0</td>\n",
       "      <td>4003.61</td>\n",
       "      <td>467.11</td>\n",
       "      <td>1065.38</td>\n",
       "      <td>305.52</td>\n",
       "      <td>967.71</td>\n",
       "    </tr>\n",
       "    <tr>\n",
       "      <th>20</th>\n",
       "      <td>8.28.19</td>\n",
       "      <td>101.13</td>\n",
       "      <td>775.2</td>\n",
       "      <td>32.57</td>\n",
       "      <td>533.99</td>\n",
       "      <td>204.26</td>\n",
       "      <td>219.29</td>\n",
       "      <td>249</td>\n",
       "      <td>639.19</td>\n",
       "      <td>-247.37</td>\n",
       "      <td>1675.48</td>\n",
       "      <td>358.15</td>\n",
       "      <td>733.82</td>\n",
       "      <td>-377.58</td>\n",
       "      <td>-54.02</td>\n",
       "      <td>513.72</td>\n",
       "    </tr>\n",
       "    <tr>\n",
       "      <th>21</th>\n",
       "      <td>8.29.19</td>\n",
       "      <td>1116.87</td>\n",
       "      <td>411.18</td>\n",
       "      <td>1103.08</td>\n",
       "      <td>1038.14</td>\n",
       "      <td>399.49</td>\n",
       "      <td>0</td>\n",
       "      <td>49.21</td>\n",
       "      <td>90.18</td>\n",
       "      <td>794.41</td>\n",
       "      <td>-192.63</td>\n",
       "      <td>-143.26</td>\n",
       "      <td>0</td>\n",
       "      <td>75.17</td>\n",
       "      <td>0</td>\n",
       "      <td>1226.28</td>\n",
       "    </tr>\n",
       "    <tr>\n",
       "      <th>22</th>\n",
       "      <td>8.30.19</td>\n",
       "      <td>-388.11</td>\n",
       "      <td>287.17</td>\n",
       "      <td>375.79</td>\n",
       "      <td>835.95</td>\n",
       "      <td>694.25</td>\n",
       "      <td>220.05</td>\n",
       "      <td>-74.28</td>\n",
       "      <td>340.76</td>\n",
       "      <td>-33.7</td>\n",
       "      <td>-225.54</td>\n",
       "      <td>142.85</td>\n",
       "      <td>341.14</td>\n",
       "      <td>894.88</td>\n",
       "      <td>179.17</td>\n",
       "      <td>-15.47</td>\n",
       "    </tr>\n",
       "  </tbody>\n",
       "</table>\n",
       "</div>"
      ],
      "text/plain": [
       "       date     roku      amd     bynd     cost    googl       gs     kmi  \\\n",
       "1    8.1.19  -526.47    94.01    277.5   645.58  1890.86   123.12  820.83   \n",
       "2    8.2.19    172.2        0  -731.01        0  1126.31        0       0   \n",
       "3    8.5.19  -505.44   -272.4  -503.04   525.29    -1.74        0       0   \n",
       "4    8.6.19  -350.49    13.78  -1109.4  1678.54   -537.2 -1031.67  452.15   \n",
       "5    8.7.19 -1077.65        0        0   1277.5    100.3  1036.94   151.8   \n",
       "6    8.8.19        0    179.8    62.22   948.33   430.46        0   79.35   \n",
       "7    8.9.19   903.78  1528.23   151.28    500.5   -499.4   419.53   362.4   \n",
       "8   8.12.19        0   116.76   548.37   501.16  -404.88    527.7       0   \n",
       "9   8.13.19  -505.11        0   906.46  -117.65  2601.52  -261.94       0   \n",
       "10  8.14.19   404.81  5880.19        0     -508  2333.36    -5.11   297.2   \n",
       "11  8.15.19   361.52   268.28        0  1725.93   964.74        0 -505.26   \n",
       "12  8.16.19    661.4  1349.59        0    540.2   154.56   667.34   401.7   \n",
       "13  8.19.19        0  1599.33        0   677.04   202.52   433.32       0   \n",
       "14  8.20.19   816.99  1616.32   183.92   221.43  -821.03   109.34 -591.12   \n",
       "15  8.21.19   593.64   606.57   114.95   633.36   180.11   392.28  391.72   \n",
       "16  8.22.19   356.45  -505.18  5449.18   -233.3   653.13   157.76 -589.11   \n",
       "17  8.23.19   972.68        0   368.64    94.38  1433.13   134.46       0   \n",
       "18  8.26.19  3053.47   229.89   437.58   -363.2   1336.2   356.56       0   \n",
       "19  8.27.19  1597.86   699.73    50.47  1940.99   149.17   -28.24  100.14   \n",
       "20  8.28.19   101.13    775.2    32.57   533.99   204.26   219.29     249   \n",
       "21  8.29.19  1116.87   411.18  1103.08  1038.14   399.49        0   49.21   \n",
       "22  8.30.19  -388.11   287.17   375.79   835.95   694.25   220.05  -74.28   \n",
       "\n",
       "      nflx     pypl      slb     teva      ual     lulu     intc     tsla  \n",
       "1   1809.7   619.53  1245.89  -743.46  1693.72   176.66  1349.88  4173.16  \n",
       "2    978.8  1274.99    263.2  -767.22        0   730.84   494.56  1635.38  \n",
       "3  -220.32  1109.34   488.24  -130.37        0  -353.21        0   3142.8  \n",
       "4    717.5        0   170.16   1405.6   841.56   1049.1   -88.62   467.78  \n",
       "5   2255.5   798.02        0      867    26.66 -1249.42    64.71   176.16  \n",
       "6    128.8   149.38    29.68   262.65    79.94   347.13   299.64   443.53  \n",
       "7    362.4   208.34  -213.34  -140.64        0   475.48    736.4  -325.66  \n",
       "8  -170.66   966.71   438.45   -711.2    -17.7   713.47        0   426.55  \n",
       "9   502.22   257.83   257.83   415.88  -453.32  -1258.1   256.68  2709.27  \n",
       "10       0   581.22        0        0   354.96     66.1   221.11    808.3  \n",
       "11 -783.07  -878.18        0  -800.59  1003.02  -164.24    261.6   741.27  \n",
       "12  257.89   362.79    61.54  1273.84   -84.22   -509.4   301.54  2327.18  \n",
       "13 -690.49   522.26        0        0   189.58    -46.6   190.44   812.93  \n",
       "14  163.17  1175.61  -233.86  -966.85    171.6   -183.6   -35.93  -536.85  \n",
       "15  -44.06   350.76   -89.03        0  -668.56   587.88   -42.32    51.31  \n",
       "16  379.18   187.45        0  -505.11  1117.67   410.38  -467.33   985.69  \n",
       "17  503.25   949.63        0        0   484.87    15.87        0  1946.72  \n",
       "18  430.67   -93.93   -31.07   418.08   -286.7    -5.47    66.21  2005.35  \n",
       "19  848.31   176.98        0  4003.61   467.11  1065.38   305.52   967.71  \n",
       "20  639.19  -247.37  1675.48   358.15   733.82  -377.58   -54.02   513.72  \n",
       "21   90.18   794.41  -192.63  -143.26        0    75.17        0  1226.28  \n",
       "22  340.76    -33.7  -225.54   142.85   341.14   894.88   179.17   -15.47  "
      ]
     },
     "execution_count": 13,
     "metadata": {},
     "output_type": "execute_result"
    }
   ],
   "source": [
    "\n",
    "o['date'].iloc[19] = '8.28.19' #Fix the asterisk\n",
    "#o['date'].iloc[20] = '8.29.19' #And the incorrect idx on my part\n"
   ]
  },
  {
   "cell_type": "code",
   "execution_count": 40,
   "metadata": {},
   "outputs": [],
   "source": [
    "import numpy as np\n",
    "\n",
    "o\n",
    "#o = o.set_index('date')\n",
    "#corr = o.corr() #Requires return % ... so...\n",
    "\n",
    "#o_pct = o.cumsum(axis=1).pct_change().astype(float) #cumsum, then pct_chg()\n",
    "#o_lr = o.div(1000)\n",
    "\n",
    "#o_pct\n",
    "'''Try getting log returns...not working out well'''\n",
    "#log = np.log(o_pct) #Wrong... need np.log - np.log(shift(-1)), somehow\n",
    "#log = np.log(o.cumsum(axis=1)) - np.log(o.cumsum(axis=1).shift(1))\n",
    "\n",
    "#cs = o.cumsum(axis=1).astype(float)\n",
    "\n",
    "#lr = np.log(cs) - np.log(cs.shift(1))\n",
    "#lr2 = np.log(cs) - np.log(cs.shift(1))\n",
    "#roku_log = np.log(cs.roku) - np.log(cs.roku.shift(-1))\n",
    "#roku_log just not fucking working\n",
    "\n",
    "'''Why this shit is being so tricky, no idea'''\n",
    "pct = o.set_index('date').cumsum(axis=0).pct_change().fillna(0)"
   ]
  },
  {
   "cell_type": "code",
   "execution_count": 41,
   "metadata": {},
   "outputs": [
    {
     "name": "stdout",
     "output_type": "stream",
     "text": [
      "Min Corr values (min security to security)\n",
      " roku    -0.655865\n",
      "amd     -0.220281\n",
      "bynd    -0.423285\n",
      "cost    -0.789370\n",
      "googl   -0.324383\n",
      "gs      -0.789370\n",
      "kmi     -0.446427\n",
      "nflx    -0.324674\n",
      "pypl    -0.191270\n",
      "slb     -0.212537\n",
      "teva    -0.423285\n",
      "ual     -0.561672\n",
      "lulu    -0.655865\n",
      "intc    -0.296831\n",
      "tsla    -0.220281\n",
      "dtype: float64\n",
      "Sorted minimum AVERAGE corr (security to portfolio)\n",
      " gs      -0.044013\n",
      "ual     -0.027134\n",
      "roku     0.030399\n",
      "teva     0.038152\n",
      "lulu     0.038597\n",
      "bynd     0.077349\n",
      "amd      0.080351\n",
      "cost     0.095800\n",
      "googl    0.108082\n",
      "kmi      0.111503\n",
      "slb      0.129013\n",
      "nflx     0.166007\n",
      "intc     0.194160\n",
      "tsla     0.197890\n",
      "pypl     0.221261\n",
      "dtype: float64\n",
      "Average Cumulative (Portfolio) Corr 0.09449440081546635\n"
     ]
    },
    {
     "data": {
      "text/html": [
       "<div>\n",
       "<style scoped>\n",
       "    .dataframe tbody tr th:only-of-type {\n",
       "        vertical-align: middle;\n",
       "    }\n",
       "\n",
       "    .dataframe tbody tr th {\n",
       "        vertical-align: top;\n",
       "    }\n",
       "\n",
       "    .dataframe thead th {\n",
       "        text-align: right;\n",
       "    }\n",
       "</style>\n",
       "<table border=\"1\" class=\"dataframe\">\n",
       "  <thead>\n",
       "    <tr style=\"text-align: right;\">\n",
       "      <th></th>\n",
       "      <th>roku</th>\n",
       "      <th>amd</th>\n",
       "      <th>bynd</th>\n",
       "      <th>cost</th>\n",
       "      <th>googl</th>\n",
       "      <th>gs</th>\n",
       "      <th>kmi</th>\n",
       "      <th>nflx</th>\n",
       "      <th>pypl</th>\n",
       "      <th>slb</th>\n",
       "      <th>teva</th>\n",
       "      <th>ual</th>\n",
       "      <th>lulu</th>\n",
       "      <th>intc</th>\n",
       "      <th>tsla</th>\n",
       "    </tr>\n",
       "  </thead>\n",
       "  <tbody>\n",
       "    <tr>\n",
       "      <th>roku</th>\n",
       "      <td>1.000000</td>\n",
       "      <td>-0.190190</td>\n",
       "      <td>-0.039412</td>\n",
       "      <td>0.253055</td>\n",
       "      <td>0.041571</td>\n",
       "      <td>-0.164938</td>\n",
       "      <td>0.264791</td>\n",
       "      <td>0.082368</td>\n",
       "      <td>-0.074362</td>\n",
       "      <td>0.116070</td>\n",
       "      <td>0.019624</td>\n",
       "      <td>-0.181058</td>\n",
       "      <td>-0.655865</td>\n",
       "      <td>-0.296831</td>\n",
       "      <td>0.281155</td>\n",
       "    </tr>\n",
       "    <tr>\n",
       "      <th>amd</th>\n",
       "      <td>-0.190190</td>\n",
       "      <td>1.000000</td>\n",
       "      <td>0.047830</td>\n",
       "      <td>-0.072555</td>\n",
       "      <td>-0.195390</td>\n",
       "      <td>0.386273</td>\n",
       "      <td>0.231973</td>\n",
       "      <td>-0.024290</td>\n",
       "      <td>-0.068724</td>\n",
       "      <td>-0.212537</td>\n",
       "      <td>0.019507</td>\n",
       "      <td>-0.088347</td>\n",
       "      <td>0.015552</td>\n",
       "      <td>0.576447</td>\n",
       "      <td>-0.220281</td>\n",
       "    </tr>\n",
       "    <tr>\n",
       "      <th>bynd</th>\n",
       "      <td>-0.039412</td>\n",
       "      <td>0.047830</td>\n",
       "      <td>1.000000</td>\n",
       "      <td>0.167898</td>\n",
       "      <td>-0.003678</td>\n",
       "      <td>-0.048075</td>\n",
       "      <td>0.441528</td>\n",
       "      <td>-0.005625</td>\n",
       "      <td>0.034082</td>\n",
       "      <td>0.076571</td>\n",
       "      <td>-0.423285</td>\n",
       "      <td>-0.364752</td>\n",
       "      <td>-0.073368</td>\n",
       "      <td>0.306498</td>\n",
       "      <td>0.044026</td>\n",
       "    </tr>\n",
       "    <tr>\n",
       "      <th>cost</th>\n",
       "      <td>0.253055</td>\n",
       "      <td>-0.072555</td>\n",
       "      <td>0.167898</td>\n",
       "      <td>1.000000</td>\n",
       "      <td>-0.324383</td>\n",
       "      <td>-0.789370</td>\n",
       "      <td>0.486993</td>\n",
       "      <td>0.214585</td>\n",
       "      <td>-0.028163</td>\n",
       "      <td>0.140072</td>\n",
       "      <td>-0.134312</td>\n",
       "      <td>0.489269</td>\n",
       "      <td>0.017710</td>\n",
       "      <td>-0.188857</td>\n",
       "      <td>0.205055</td>\n",
       "    </tr>\n",
       "    <tr>\n",
       "      <th>googl</th>\n",
       "      <td>0.041571</td>\n",
       "      <td>-0.195390</td>\n",
       "      <td>-0.003678</td>\n",
       "      <td>-0.324383</td>\n",
       "      <td>1.000000</td>\n",
       "      <td>0.074201</td>\n",
       "      <td>-0.151360</td>\n",
       "      <td>0.152066</td>\n",
       "      <td>0.289090</td>\n",
       "      <td>0.066357</td>\n",
       "      <td>0.300027</td>\n",
       "      <td>-0.284701</td>\n",
       "      <td>-0.067746</td>\n",
       "      <td>0.279612</td>\n",
       "      <td>0.445569</td>\n",
       "    </tr>\n",
       "    <tr>\n",
       "      <th>gs</th>\n",
       "      <td>-0.164938</td>\n",
       "      <td>0.386273</td>\n",
       "      <td>-0.048075</td>\n",
       "      <td>-0.789370</td>\n",
       "      <td>0.074201</td>\n",
       "      <td>1.000000</td>\n",
       "      <td>-0.446427</td>\n",
       "      <td>-0.324674</td>\n",
       "      <td>0.046275</td>\n",
       "      <td>-0.075959</td>\n",
       "      <td>0.006327</td>\n",
       "      <td>-0.561672</td>\n",
       "      <td>-0.122964</td>\n",
       "      <td>0.373052</td>\n",
       "      <td>-0.012247</td>\n",
       "    </tr>\n",
       "    <tr>\n",
       "      <th>kmi</th>\n",
       "      <td>0.264791</td>\n",
       "      <td>0.231973</td>\n",
       "      <td>0.441528</td>\n",
       "      <td>0.486993</td>\n",
       "      <td>-0.151360</td>\n",
       "      <td>-0.446427</td>\n",
       "      <td>1.000000</td>\n",
       "      <td>0.250420</td>\n",
       "      <td>-0.067722</td>\n",
       "      <td>0.155133</td>\n",
       "      <td>-0.223082</td>\n",
       "      <td>-0.014698</td>\n",
       "      <td>-0.337701</td>\n",
       "      <td>0.141456</td>\n",
       "      <td>-0.058760</td>\n",
       "    </tr>\n",
       "    <tr>\n",
       "      <th>nflx</th>\n",
       "      <td>0.082368</td>\n",
       "      <td>-0.024290</td>\n",
       "      <td>-0.005625</td>\n",
       "      <td>0.214585</td>\n",
       "      <td>0.152066</td>\n",
       "      <td>-0.324674</td>\n",
       "      <td>0.250420</td>\n",
       "      <td>1.000000</td>\n",
       "      <td>0.528432</td>\n",
       "      <td>0.067855</td>\n",
       "      <td>-0.087128</td>\n",
       "      <td>0.008326</td>\n",
       "      <td>0.224762</td>\n",
       "      <td>0.284619</td>\n",
       "      <td>0.118391</td>\n",
       "    </tr>\n",
       "    <tr>\n",
       "      <th>pypl</th>\n",
       "      <td>-0.074362</td>\n",
       "      <td>-0.068724</td>\n",
       "      <td>0.034082</td>\n",
       "      <td>-0.028163</td>\n",
       "      <td>0.289090</td>\n",
       "      <td>0.046275</td>\n",
       "      <td>-0.067722</td>\n",
       "      <td>0.528432</td>\n",
       "      <td>1.000000</td>\n",
       "      <td>0.242183</td>\n",
       "      <td>0.058784</td>\n",
       "      <td>-0.191270</td>\n",
       "      <td>0.367119</td>\n",
       "      <td>0.548561</td>\n",
       "      <td>0.634625</td>\n",
       "    </tr>\n",
       "    <tr>\n",
       "      <th>slb</th>\n",
       "      <td>0.116070</td>\n",
       "      <td>-0.212537</td>\n",
       "      <td>0.076571</td>\n",
       "      <td>0.140072</td>\n",
       "      <td>0.066357</td>\n",
       "      <td>-0.075959</td>\n",
       "      <td>0.155133</td>\n",
       "      <td>0.067855</td>\n",
       "      <td>0.242183</td>\n",
       "      <td>1.000000</td>\n",
       "      <td>0.077478</td>\n",
       "      <td>0.051862</td>\n",
       "      <td>-0.073943</td>\n",
       "      <td>-0.081869</td>\n",
       "      <td>0.385929</td>\n",
       "    </tr>\n",
       "    <tr>\n",
       "      <th>teva</th>\n",
       "      <td>0.019624</td>\n",
       "      <td>0.019507</td>\n",
       "      <td>-0.423285</td>\n",
       "      <td>-0.134312</td>\n",
       "      <td>0.300027</td>\n",
       "      <td>0.006327</td>\n",
       "      <td>-0.223082</td>\n",
       "      <td>-0.087128</td>\n",
       "      <td>0.058784</td>\n",
       "      <td>0.077478</td>\n",
       "      <td>1.000000</td>\n",
       "      <td>0.011530</td>\n",
       "      <td>-0.062232</td>\n",
       "      <td>-0.134167</td>\n",
       "      <td>0.143203</td>\n",
       "    </tr>\n",
       "    <tr>\n",
       "      <th>ual</th>\n",
       "      <td>-0.181058</td>\n",
       "      <td>-0.088347</td>\n",
       "      <td>-0.364752</td>\n",
       "      <td>0.489269</td>\n",
       "      <td>-0.284701</td>\n",
       "      <td>-0.561672</td>\n",
       "      <td>-0.014698</td>\n",
       "      <td>0.008326</td>\n",
       "      <td>-0.191270</td>\n",
       "      <td>0.051862</td>\n",
       "      <td>0.011530</td>\n",
       "      <td>1.000000</td>\n",
       "      <td>0.198297</td>\n",
       "      <td>-0.279028</td>\n",
       "      <td>-0.200768</td>\n",
       "    </tr>\n",
       "    <tr>\n",
       "      <th>lulu</th>\n",
       "      <td>-0.655865</td>\n",
       "      <td>0.015552</td>\n",
       "      <td>-0.073368</td>\n",
       "      <td>0.017710</td>\n",
       "      <td>-0.067746</td>\n",
       "      <td>-0.122964</td>\n",
       "      <td>-0.337701</td>\n",
       "      <td>0.224762</td>\n",
       "      <td>0.367119</td>\n",
       "      <td>-0.073943</td>\n",
       "      <td>-0.062232</td>\n",
       "      <td>0.198297</td>\n",
       "      <td>1.000000</td>\n",
       "      <td>0.164886</td>\n",
       "      <td>-0.015556</td>\n",
       "    </tr>\n",
       "    <tr>\n",
       "      <th>intc</th>\n",
       "      <td>-0.296831</td>\n",
       "      <td>0.576447</td>\n",
       "      <td>0.306498</td>\n",
       "      <td>-0.188857</td>\n",
       "      <td>0.279612</td>\n",
       "      <td>0.373052</td>\n",
       "      <td>0.141456</td>\n",
       "      <td>0.284619</td>\n",
       "      <td>0.548561</td>\n",
       "      <td>-0.081869</td>\n",
       "      <td>-0.134167</td>\n",
       "      <td>-0.279028</td>\n",
       "      <td>0.164886</td>\n",
       "      <td>1.000000</td>\n",
       "      <td>0.218014</td>\n",
       "    </tr>\n",
       "    <tr>\n",
       "      <th>tsla</th>\n",
       "      <td>0.281155</td>\n",
       "      <td>-0.220281</td>\n",
       "      <td>0.044026</td>\n",
       "      <td>0.205055</td>\n",
       "      <td>0.445569</td>\n",
       "      <td>-0.012247</td>\n",
       "      <td>-0.058760</td>\n",
       "      <td>0.118391</td>\n",
       "      <td>0.634625</td>\n",
       "      <td>0.385929</td>\n",
       "      <td>0.143203</td>\n",
       "      <td>-0.200768</td>\n",
       "      <td>-0.015556</td>\n",
       "      <td>0.218014</td>\n",
       "      <td>1.000000</td>\n",
       "    </tr>\n",
       "  </tbody>\n",
       "</table>\n",
       "</div>"
      ],
      "text/plain": [
       "           roku       amd      bynd      cost     googl        gs       kmi  \\\n",
       "roku   1.000000 -0.190190 -0.039412  0.253055  0.041571 -0.164938  0.264791   \n",
       "amd   -0.190190  1.000000  0.047830 -0.072555 -0.195390  0.386273  0.231973   \n",
       "bynd  -0.039412  0.047830  1.000000  0.167898 -0.003678 -0.048075  0.441528   \n",
       "cost   0.253055 -0.072555  0.167898  1.000000 -0.324383 -0.789370  0.486993   \n",
       "googl  0.041571 -0.195390 -0.003678 -0.324383  1.000000  0.074201 -0.151360   \n",
       "gs    -0.164938  0.386273 -0.048075 -0.789370  0.074201  1.000000 -0.446427   \n",
       "kmi    0.264791  0.231973  0.441528  0.486993 -0.151360 -0.446427  1.000000   \n",
       "nflx   0.082368 -0.024290 -0.005625  0.214585  0.152066 -0.324674  0.250420   \n",
       "pypl  -0.074362 -0.068724  0.034082 -0.028163  0.289090  0.046275 -0.067722   \n",
       "slb    0.116070 -0.212537  0.076571  0.140072  0.066357 -0.075959  0.155133   \n",
       "teva   0.019624  0.019507 -0.423285 -0.134312  0.300027  0.006327 -0.223082   \n",
       "ual   -0.181058 -0.088347 -0.364752  0.489269 -0.284701 -0.561672 -0.014698   \n",
       "lulu  -0.655865  0.015552 -0.073368  0.017710 -0.067746 -0.122964 -0.337701   \n",
       "intc  -0.296831  0.576447  0.306498 -0.188857  0.279612  0.373052  0.141456   \n",
       "tsla   0.281155 -0.220281  0.044026  0.205055  0.445569 -0.012247 -0.058760   \n",
       "\n",
       "           nflx      pypl       slb      teva       ual      lulu      intc  \\\n",
       "roku   0.082368 -0.074362  0.116070  0.019624 -0.181058 -0.655865 -0.296831   \n",
       "amd   -0.024290 -0.068724 -0.212537  0.019507 -0.088347  0.015552  0.576447   \n",
       "bynd  -0.005625  0.034082  0.076571 -0.423285 -0.364752 -0.073368  0.306498   \n",
       "cost   0.214585 -0.028163  0.140072 -0.134312  0.489269  0.017710 -0.188857   \n",
       "googl  0.152066  0.289090  0.066357  0.300027 -0.284701 -0.067746  0.279612   \n",
       "gs    -0.324674  0.046275 -0.075959  0.006327 -0.561672 -0.122964  0.373052   \n",
       "kmi    0.250420 -0.067722  0.155133 -0.223082 -0.014698 -0.337701  0.141456   \n",
       "nflx   1.000000  0.528432  0.067855 -0.087128  0.008326  0.224762  0.284619   \n",
       "pypl   0.528432  1.000000  0.242183  0.058784 -0.191270  0.367119  0.548561   \n",
       "slb    0.067855  0.242183  1.000000  0.077478  0.051862 -0.073943 -0.081869   \n",
       "teva  -0.087128  0.058784  0.077478  1.000000  0.011530 -0.062232 -0.134167   \n",
       "ual    0.008326 -0.191270  0.051862  0.011530  1.000000  0.198297 -0.279028   \n",
       "lulu   0.224762  0.367119 -0.073943 -0.062232  0.198297  1.000000  0.164886   \n",
       "intc   0.284619  0.548561 -0.081869 -0.134167 -0.279028  0.164886  1.000000   \n",
       "tsla   0.118391  0.634625  0.385929  0.143203 -0.200768 -0.015556  0.218014   \n",
       "\n",
       "           tsla  \n",
       "roku   0.281155  \n",
       "amd   -0.220281  \n",
       "bynd   0.044026  \n",
       "cost   0.205055  \n",
       "googl  0.445569  \n",
       "gs    -0.012247  \n",
       "kmi   -0.058760  \n",
       "nflx   0.118391  \n",
       "pypl   0.634625  \n",
       "slb    0.385929  \n",
       "teva   0.143203  \n",
       "ual   -0.200768  \n",
       "lulu  -0.015556  \n",
       "intc   0.218014  \n",
       "tsla   1.000000  "
      ]
     },
     "execution_count": 41,
     "metadata": {},
     "output_type": "execute_result"
    }
   ],
   "source": [
    "#o.set_index('date') \n",
    "#pct = o.cumsum(axis=0).pct_change()\n",
    "#pct.fillna(0)\n",
    "#pct.head()\n",
    "'''Get and sort CORR'''\n",
    "\n",
    "corr = pct.corr()\n",
    "corr_sort = corr.mean().sort_values()\n",
    "\n",
    "mn = corr.min()\n",
    "print('Min Corr values (min security to security)\\n',mn)\n",
    "print('Sorted minimum AVERAGE corr (security to portfolio)\\n',corr_sort)\n",
    "\n",
    "\n",
    "print('Average Cumulative (Portfolio) Corr',corr_sort.mean())\n",
    "corr"
   ]
  },
  {
   "cell_type": "code",
   "execution_count": 196,
   "metadata": {},
   "outputs": [
    {
     "data": {
